22978
2816
23299
16905
5800
12014
9253
14406
13757
16404
8477
380
3698
5967
96
12813
32349
11021
8773
1792
4689
13832
1334
11933
25983
10443
25324
32524
10963
8277
13294
24517
2721
29253
6585
17266
6496
2248
9564
20599
13833
14644
5747
23238
8538
12859
31927
31134
10859
29136
10141
27553
19740
9909
26852
28085
16667
30962
5390
22755
18318
22854
6978
4860
1524
1178
18144
10132
9283
22155
20733
8308
12474
4254
8695
5192
9871
3478
13063
13085
25377
17403
16652
3975
6678
12050
23152
4102
31984
9175
180
15061
13383
24853
26983
5035
27193
21326
24923
22116
26860
120
28166
24796
5812
14161
16879
28705
10395
31787
1201
3495
24116
12088
9139
23580
29079
26753
16316
6250
4474
30515
1225
27561
28486
9267
22595
25071
27134
24484
16319
25268
15631
285
25412
20525
31089
8427
24139
14913
13119
11661
23812
20349
17076
30324
2530
5765
10941
14165
19623
8483
10718
31625
13187
818
30368
14875
25730
16805
21748
12513
10540
23145
20514
10639
17856
31919
5802
6544
6219
7544
1348
23836
30702
18573
31912
15773
24274
26234
1686
785
329
32726
28143
13700
4881
7365
6407
29667
23843
29208
8861
13376
8440
14566
21358
4704
31551
2199
15538
26314
12129
16925
12168
19513
30571
11911
17393
17892
19170
4700
1068
3709
32765
5542
25879
9785
15577
3840
32263
14628
3683
25221
20183
13644
15360
31992
13121
17015
22523
19547
13257
7946
4630
10194
29334
5364
25006
15047
1684
4354
16780
1427
10839
4546
3699
28374
22789
8339
13061
16230
2639
6121
32138
15176
18903
2887
15416
16756
574
3357
16038
13202
21737
18738
13209
16938
9159
3515
4179
24400
14758
88
27289
3080
835
31759
27744
18795
20302
11141
28982
27015
25580
15270
22026
30875
9860
19024
6355
26234
9798
31418
2398
15674
28996
24708
10201
24653
12411
1498
1601
19315
6462
910
13418
14770
3941
21636
18027
15978
26476
15868
15345
463
5524
30589
1911
25625
27474
10096
25030
24708
6820
18290
15669
6632
1494
27247
31490
28684
18535
15060
946
22112
3375
22574
31778
30045
1141
17080
7099
22461
30253
12143
25244
14200
29477
23757
24347
9521
30889
23121
12313
412
25583
3382
2035
641
10551
5209
8720
2093
299
31914
15731
9107
19522
12936
14782
12838
11868
25735
14170
10139
30306
30107
12883
15554
4279
10227
25595
20418
3792
12770
17326
940
12337
15573
5241
24624
5119
31789
8959
28334
13260
20403
5654
17420
18111
71
3960
17761
14742
21547
30501
23508
26572
23681
23977
18282
22153
3035
30646
30416
12285
24608
29974
17997
13125
12728
23781
1967
11696
16680
30960
30465
15619
27689
17458
28733
24383
24757
10966
7615
3220
2457
21725
21049
18357
402
20929
6486
9770
12422
27977
11339
12738
26166
3897
17203
431
16007
12838
3385
16887
274
5343
32266
24540
5153
20638
180
21990
17445
10798
25627
24389
585
17900
24736
26845
25239
19996
23599
17328
30346
834
6682
26826
31915
29241
9634
20228
23192
1012
16543
17414
11209
23894
4165
21752
7045
5069
20635
10785
10786
30055
4603
9894
14361
14333
5074
29463
2572
22716
25515
19358
15050
28559
15782
12290
30434
13399
26864
4527
12993
20404
32021
10690
19750
6494
17001
12873
8127
25418
14162
9768
26543
15668
25292
666
7443
5197
26767
13168
15998
63
29499
23334
28053
11657
22356
6175
17801
28813
2841
14363
9575
23333
3684
27718
17397
16417
26337
2086
20480
20963
15465
19167
14549
25747
7141
8245
18298
25333
32231
3666
535
27344
13821
17104
4046
19441
23052
27495
30406
26495
8567
16287
8997
29198
8693
7550
25766
1753
26718
4776
30895
27018
5158
2213
24184
27487
19078
157
3101
31658
13289
12920
7361
4222
32267
17741
2238
16108
9627
9170
32652
6832
21623
11018
27020
3839
13598
28282
21163
9692
24604
4223
15319
27672
27834
22967
20943
14226
2777
496
3165
22007
9854
28649
172
17939
19241
14461
20122
478
20060
6830
23731
11010
14099
6574
14021
6474
7430
20466
15370
30137
28725
660
25804
14163
1093
4179
26875
21578
27474
11400
25069
24992
29580
6958
3427
15444
24627
24020
26511
12023
10398
24555
28266
19028
5184
5068
4023
31749
32585
28014
4675
7231
4039
31961
23926
5465
23967
16310
32715
5974
15790
17744
25568
23758
5898
23035
5434
14277
14237
19620
16937
16865
18904
19576
5259
25300
7085
13031
1295
25698
3472
3478
19943
17403
25575
11344
28608
23169
5268
12377
25708
15861
23503
14795
29300
20960
27657
26353
8118
11395
29595
6821
31095
5241
18879
14637
29481
19437
26642
9207
23893
8033
30590
18431
25842
5088
8400
31636
328
19238
20608
11671
14591
10876
1217
19456
27455
9728
3197
3816
18136
26940
10867
10776
12490
31630
19270
1864
26302
27580
18368
12090
20496
7074
23322
21384
23502
21537
29926
25858
6358
14874
12900
2356
32645
16112
18844
27365
4097
24887
12571
3034
23548
11694
15939
22651
16905
13626
11361
14734
27496
18506
5569
20385
10385
2537
26837
10904
4302
26678
31102
24999
18853
13894
32497
12587
9895
27347
8124
16291
803
11333
11420
785
30877
21977
27866
8514
19048
11533
2341
331
3163
1934
14531
12417
2735
8437
32598
3869
27397
14648
12947
11480
14632
6077
12041
19597
6707
10546
21844
17411
17256
1311
3805
1683
23977
13475
24155
24892
20356
4615
17926
26396
7795
25543
23358
28671
7439
31218
7654
8643
21472
29237
5203
31189
14462
8759
26741
6894
14474
4643
25050
301
21110
29570
11146
7460
23333
32495
15758
1704
14640
8874
31501
26891
3764
9405
4684
25361
7535
2771
28610
24652
18302
16086
11281
22271
19413
14686
32524
12839
26838
1333
12514
3066
4811
7319
17320
27682
22927
4604
31060
16875
1831
15320
8020
7145
12436
27574
9232
17478
2130
31249
19890
7674
23087
1185
14389
24354
22386
19685
9132
10755
20266
9949
7821
24048
26937
22020
18253
15472
2521
16399
25913
18625
15358
21103
10753
18299
9812
1029
10663
22818
31587
21169
10468
14894
31322
24098
24160
6499
1936
8862
27704
4661
11740
31982
10365
32559
13198
31688
13564
23840
12913
21123
26162
14489
6933
11498
32472
22118
6305
14469
20877
9981
23107
11348
26104
15049
3397
25660
29965
30465
15865
28122
13195
8640
4428
16987
13219
19162
28319
16737
1900
7971
20481
4337
28015
21323
8495
24706
5439
12481
11151
23815
11749
28939
21005
9380
16192
18273
1400
24542
8206
5583
5861
20587
26092
14873
24210
5690
24358
25445
13355
9864
28015
15394
31918
13215
23472
8835
25721
269
10730
28539
19877
10968
2235
26473
22969
21709
1712
17219
6196
22119
11040
24925
28408
14571
3970
18083
9414
32138
19484
4871
24455
28684
30652
3078
11728
1932
7337
20795
20963
18328
2385
715
5105
1028
23330
25052
20277
21256
766
14205
19623
10450
15893
31757
5447
13605
25613
12459
1157
2453
20565
19982
9308
28589
28288
15806
13265
1054
7784
25054
113
5984
31502
11672
8052
11770
18726
1180
19892
11392
19192
176
19444
17632
217
20916
11860
27127
12347
4724
19855
5691
12983
21588
116
29328
9761
1478
14285
9764
20397
11501
17310
23657
14962
28718
12327
30305
11463
32459
7686
21035
23994
3445
20337
22525
18970
5219
18945
11944
25805
28548
8224
17736
13872
20918
22844
5719
21127
28072
22827
20017
6807
32096
31797
16485
24652
15669
4063
9832
5813
6684
20092
1066
5460
5313
15841
11455
25071
14961
10029
22656
30887
22286
3635
26306
10243
4747
1929
26560
11698
20651
12801
5576
13150
13619
17400
8302
16683
11866
25083
26951
2970
512
9526
9466
24950
16950
14496
13336
25653
10891
15686
6390
2254
14300
9862
31307
5705
15609
14758
3731
6407
23330
22674
12945
30899
26061
7012
2168
8597
2882
18703
16311
24066
10200
5323
19216
17661
27411
23795
30461
32532
9915
26374
23217
26466
710
21092
29511
24906
25773
15013
29822
19511
24833
11770
21577
19814
5985
2571
13913
20072
22363
27357
3387
16011
17090
7160
28851
18071
1502
29823
29695
8354
6624
3731
10631
8876
8757
26914
4985
8915
2814
21198
31243
13587
7651
26373
18503
24527
23889
9120
1326
20753
31632
29101
13247
4454
27497
30410
738
2148
13022
19655
22461
3172
11553
2425
15030
17886
11925
145
26035
647
14918
30076
19334
8790
25373
20556
21334
23945
28637
29215
11709
5836
27709
20517
20894
6315
18591
28329
22895
18479
12714
23172
26645
2702
16116
24414
13004
17153
15435
858
12238
14747
13922
8054
14669
14825
11711
9551
548
25311
27179
2019
1452
9519
31350
7626
32614
18422
14024
23583
20204
1208
31368
7255
19395
19215
4904
24652
21319
9702
18091
20177
21775
30832
18565
19430
3272
18743
1666
2163
3803
1094
20041
27098
3752
23759
19656
1560
20098
23660
24016
21768
7383
6960
14175
6482
4241
28291
11541
607
32406
18059
29971
2469
30841
9271
26726
8793
17205
31878
25677
15466
7901
31679
90
26901
1806
24690
4419
1248
11811
15493
26187
27809
4898
24672
32019
11691
553
12024
17268
16881
25349
11766
15064
27929
13140
2484
21818
11237
25553
28372
27981
4183
29946
10003
4990
23739
10494
26837
16831
16243
28691
6170
4746
19595
26650
8873
21012
26004
3329
1244
14095
4072
1904
27485
31811
28776
30803
27587
1004
21161
31395
5917
10210
17312
24101
4140
25823
13201
13538
14427
14961
30502
7985
6587
5183
3883
773
26395
21459
28573
29306
24032
23975
19271
21132
7756
15386
30964
5620
956
22213
26801
6277
6373
5516
21801
7064
19552
870
25205
17208
11829
16697
14168
18231
11761
18831
2539
20024
28760
22253
13699
23689
31630
26864
9353
17795
27788
13000
13348
24829
14311
23469
23374
11935
4400
9505
18777
11581
15261
4600
1255
2750
29193
19243
7715
16068
25409
30270
1130
2455
28151
15577
1584
27744
12661
12032
534
14155
18510
16248
6745
29721
27901
12501
19477
8969
30818
12082
6880
5710
8396
24641
27364
16772
29666
15147
10270
30747
4050
19260
10471
10545
5313
11221
22817
17538
28654
16525
4642
14216
30548
19208
10168
17127
28145
7148
32571
8049
2662
20791
15969
5517
8280
17078
1407
3110
17979
2259
6572
11244
21808
2041
11152
10867
17026
11524
10937
8773
6317
16217
15077
17376
28189
29342
10224
14646
25263
11248
22206
9702
23365
26933
14535
17680
14993
23186
20297
3400
15097
31461
7202
11485
8026
27426
19873
17670
15010
12075
30789
13091
24559
27259
3898
18657
22966
493
15708
11821
26050
23078
21205
30015
17135
7554
6594
24512
21640
19870
6551
17299
12626
19699
15562
15823
4383
22243
8347
20981
22546
9013
3016
16524
28448
19096
25986
4588
22729
18218
25910
30569
20397
17466
27333
19351
24294
32008
30439
2901
12629
2176
10549
4367
10427
22845
22898
3215
11338
24630
20400
27712
13247
24904
6905
31458
16887
25818
218
3079
16121
5561
32357
27942
13427
3645
29492
9685
26999
12648
23562
27772
7347
27341
25157
21893
23483
5936
383
29814
9289
4751
11880
27097
917
27456
29302
19258
30705
18552
24536
5655
31527
1698
19141
2905
15383
24178
14443
7940
25388
15173
703
8785
15359
12588
28075
5039
27604
27166
9688
23124
6561
23171
7426
8061
5314
4201
7268
2136
26423
28433
28277
24915
20600
20467
13492
16867
25627
31781
2243
27763
16723
23062
12876
15831
9181
17384
23266
30763
9935
2324
12346
23270
25666
26664
18914
14855
31620
29318
26818
20481
7776
1303
27175
22113
7476
27741
11249
8974
14751
15063
13534
1750
6340
5744
19173
12508
6701
16334
17731
21855
31135
25949
26496
24678
31587
29888
6869
25188
22426
7314
22700
18814
13856
10170
19656
2044
31348
9990
21770
17329
20324
1070
4233
23247
27185
29993
338
28872
8555
15947
32395
6730
15577
5626
450
15790
4978
31481
14670
1150
2708
19546
19718
7462
29588
14392
5399
18000
31898
6403
16560
8857
8273
27247
24135
25107
2354
24568
28272
19078
149
29014
25781
23879
11329
7142
20428
8554
26343
5182
7193
22035
22576
29169
16309
23249
28163
18948
27782
9045
16500
21926
14698
32011
1689
19850
29544
30278
12744
6588
9957
22755
20206
18931
3834
26124
20640
26218
27337
29372
17566
5651
29146
16541
11791
13050
4053
3921
15529
15163
21946
30780
517
22021
13868
17970
14797
2047
11062
3123
5853
22132
4494
20624
25407
31385
8063
32743
28963
24400
14702
15040
28391
18576
13599
14911
20906
8518
6954
16766
21775
3640
15111
31584
2327
32679
21675
29821
32530
9694
23087
30446
8692
18796
8738
13450
11630
27917
3502
29077
16687
6307
8025
23855
22272
7337
27449
17013
16221
6853
6572
8875
21331
17561
25856
5265
32558
26233
21640
19885
14238
2825
20024
29602
16963
2304
15444
1314
21720
24016
8386
32052
32555
14571
55
16252
7092
7467
12123
16964
18455
10702
26099
2366
26713
21254
23165
28075
16201
5118
10037
16427
30555
20243
12160
16131
9875
19830
14406
11102
21719
19400
27487
19449
6830
22935
5709
25787
304
8230
25140
8104
3517
20064
18601
28498
8884
9896
5078
4650
15330
7982
25265
3267
30685
10030
23166
10098
2225
14704
13478
12599
20398
31557
18760
19392
21261
15433
9775
3149
21098
1484
27105
26392
6849
19038
12030
23201
10231
2229
20398
25195
8242
25538
32693
1592
4583
31661
22581
12477
1020
16462
270
5300
21877
12397
32117
17136
20912
19989
31538
12118
27967
4163
30830
13495
3705
26994
31313
31927
5597
401
9715
5964
14189
2211
15574
15721
5725
23701
5453
11120
27879
30473
3544
9813
22660
24531
15455
11491
11990
6982
12637
3983
10206
15562
9751
23382
6934
26069
10171
12825
13096
20059
26322
4734
13240
18730
12239
4253
24407
2596
4225
11552
13128
6897
25399
782
25456
32245
12945
9593
20109
15816
16925
7488
1011
4450
32721
17325
17723
681
28257
28612
31714
2851
26880
22027
11718
26232
2905
16657
31277
25454
29454
16282
26685
21136
16721
28006
2263
10751
18857
13642
16848
25760
6451
4197
30681
8806
6048
13026
21020
2615
20080
28545
19530
18369
3995
15777
24154
2129
19340
4052
22238
14781
28129
6339
1254
28986
24738
2467
28679
14470
3405
24393
951
2450
5431
1998
1073
32449
28485
24668
2689
30419
16377
9262
26243
31351
14329
24097
10070
8165
19381
3765
17954
2839
20741
25911
13540
3163
1037
6315
16905
8738
3438
28069
16677
16005
19297
29645
15616
283
20896
13096
17557
25680
31790
23943
31456
21155
8408
3224
7277
4405
22061
438
31932
18309
18320
2660
19430
10058
14958
20791
10632
24100
11480
18130
20446
10986
16488
7056
11897
14722
19785
15996
3949
27901
30458
24935
1440
1991
30463
14454
5226
3387
21868
19056
24014
17439
29152
20832
10324
26825
860
23544
17509
24758
28097
27037
25500
14586
32168
29394
3065
16269
31435
24533
27965
28617
16645
23870
18759
7921
7427
24777
26057
15830
1225
27319
18551
7726
8689
9833
29872
9504
31813
27394
6300
19636
30377
11932
9113
24115
5570
7174
4115
920
18375
3170
17069
11223
26697
17964
12655
17218
21149
4570
23003
23329
4105
225
2385
28068
19787
21934
28043
27903
2511
8342
3802
13455
20436
9471
16020
9991
4638
17017
20721
12774
15742
28507
6125
31980
12828
1365
25108
26945
25452
3327
2776
17111
21720
27786
12700
13068
32278
8327
18925
7864
7970
19734
3090
17441
2017
27560
4745
5639
17264
7509
29526
19678
11229
28506
20063
26669
2317
21487
10874
24381
17229
15064
24449
22816
747
22966
24806
30854
18497
571
14222
22
31100
23296
6116
8056
14796
17742
11170
13978
155
7515
4859
22319
1170
15692
39
23984
8465
1890
27689
9965
19849
15329
30014
30852
22376
17979
186
32133
25733
12993
23092
16162
2294
8392
19623
6917
13777
24584
26281
450
13103
9621
32603
2870
9774
15898
26350
16182
19591
32600
8354
9118
6138
27217
6055
29355
32129
20119
18107
18485
19681
4183
7190
17712
32245
13946
18127
32297
4439
12264
19898
19626
2160
20092
22950
31653
25673
9474
25348
18846
32020
21143
23283
14597
20282
3897
9681
4632
11141
21039
18776
21672
7760
24241
29504
4619
13921
21858
20410
23123
18222
24660
21030
31595
26877
4269
10117
15151
22094
27469
16104
7690
22538
7740
11757
19652
5712
12650
26547
17386
5314
8168
27797
25175
6770
23309
23712
14630
10096
32159
7912
17199
3753
11201
27193
25947
29915
1392
15351
5125
6420
6670
23277
7521
9663
19018
29855
7310
19719
16114
19442
9698
21111
16961
32752
11128
11938
22713
32332
1347
9395
1445
14127
12614
11738
4882
23536
5873
27634
14846
32661
17136
24885
12892
26218
25482
15844
7955
24774
12584
25329
2823
5563
25322
15923
19772
17174
9745
28812
10740
11486
32759
28424
6756
19417
21677
21898
3623
27140
26609
11585
19441
5307
10575
9427
17475
25107
4135
4855
25761
14704
17703
11076
15224
25078
12451
23771
21687
2894
894
7434
14978
29839
4925
11350
30671
28246
28904
17300
22992
7440
9386
21711
1728
25892
24611
22062
5553
20552
28263
26038
21512
31224
21590
3019
28855
23231
2225
20621
32378
6530
22317
29597
31488
29854
1896
27495
21739
16024
18992
13626
13296
5418
12861
32679
31597
3509
11883
15383
15367
15075
13810
27837
8015
22237
1649
2339
5116
15805
30798
9599
478
18704
1023
11472
12125
24754
44
26119
13027
4760
25317
21646
26351
7365
10044
7954
31677
290
14504
15350
13018
13929
24711
770
13298
29841
12902
2299
16698
6388
30827
25017
4924
8299
29471
21950
28272
21737
17212
16063
5048
12908
2512
28916
24087
27774
27214
17717
16044
15049
2079
2408
12122
27656
21590
2126
24068
30659
19316
33
11575
11235
6398
29945
13945
5680
30495
19227
8151
9246
20768
26297
19431
23876
19037
29283
30635
22985
21376
8853
5768
4795
26926
30270
32695
1021
10307
31051
27434
23237
22940
26634
14315
25808
18240
29938
4830
23896
2063
18282
7623
5293
11065
26600
25665
17153
12019
2437
15276
22575
16320
30421
28194
21406
26495
3827
4999
21816
6619
19519
32401
7000
30084
22957
9249
9517
30550
19463
1201
18127
28195
1868
23315
1302
14884
19490
2866
19018
30824
14284
25883
6202
14859
31512
15496
20521
24246
15688
71
2851
1170
23714
12179
10185
12314
15863
21934
26629
26714
5901
5736
16483
16632
10280
12672
6786
9099
9113
16262
11513
27144
26211
5325
26592
17811
145
19898
19122
10850
11059
17550
420
2974
24653
14636
13078
14295
9720
607
30692
20172
31454
12294
32457
6477
15187
3090
15285
11629
7298
23979
23943
31324
25301
11936
14252
10296
4964
13050
23566
14992
8429
22021
2042
26701
15327
28517
10131
373
25008
16642
2054
6593
31476
19373
3607
24279
18155
4912
2162
15232
1216
6683
15295
20257
18648
3651
2367
23527
26069
9570
2189
8545
17571
32665
29626
4308
10247
3367
6869
26738
18588
11343
10338
2837
19438
19693
32091
1657
10022
26475
16302
1718
17679
3320
3521
15242
11461
29363
30735
24538
14044
22037
20197
19396
23134
30000
21169
11992
14637
967
13450
1262
29842
24226
3971
8605
29213
9114
29699
13281
17198
7609
1136
13010
16163
26218
712
24659
10026
22207
26079
14848
8735
30268
32433
24684
28923
18432
20108
2611
20833
3620
4442
31154
25889
6600
26103
1601
17207
11508
7171
22326
23015
30560
3102
10445
23234
14302
8116
13892
31847
2935
20947
16772
31049
19086
25615
17079
8905
32662
30706
2671
8161
8907
5112
23229
19944
28919
11578
1559
3230
2854
9964
28481
17229
19983
5474
7497
25131
10077
8849
14598
29662
20961
19088
3425
14181
31134
13697
27979
7211
28548
749
28588
10035
9184
6422
19957
17348
11289
19755
32323
1301
19311
15904
29456
20085
11994
15571
30684
17310
2849
32258
1371
14496
19349
31110
339
14692
32389
158
16106
21037
13705
30095
14731
6752
24849
26470
7436
18756
27350
14494
24316
15202
28174
726
26978
16884
18772
20758
20056
19672
17149
11627
4228
32230
21788
29270
7029
29909
6063
11939
28680
24232
7253
20205
162
12859
2167
28224
22841
2859
29133
4683
6085
14915
17096
11575
12073
30448
15612
27380
23721
8857
9225
3270
17810
9027
23063
17245
16136
17303
18114
15252
11354
26290
29134
18010
2392
16651
3619
24045
15021
25915
13006
6241
25527
16048
27229
17624
7259
20421
22714
16011
18332
8389
9078
26020
7785
10796
24356
32662
1135
27249
20480
26358
20723
8326
2190
19992
15150
30449
27376
4312
3869
27692
32065
27933
23438
6369
13973
18444
21306
24711
2885
15107
29458
26171
28413
23066
8716
29354
9159
14155
24966
18516
9929
1578
21902
726
26262
21508
6214
15017
23732
30251
10352
37
18722
4099
2544
7896
21370
16094
2639
999
1298
8823
28675
6345
20858
32222
13444
28637
24170
15823
13074
11892
31572
27348
20871
19101
12683
18044
17828
12789
9665
21019
9118
5578
18090
30892
6683
13659
13340
26448
30264
566
24851
21329
4429
5103
30150
25984
3946
11312
18397
7454
20169
9062
22988
12301
29251
24739
15620
30220
13636
14240
8027
18673
26377
13815
14956
22696
9103
21540
21023
4828
24960
23065
27851
19991
26601
16655
30182
4346
16557
31376
20645
20224
19596
17068
24044
22086
26563
3942
11697
25590
31529
30325
11738
25465
27256
11402
17726
18040
12123
8030
5940
9961
26275
1964
30606
24750
3172
6812
19595
3090
13047
5293
17821
5728
6733
21666
3921
18158
28069
12449
18411
13524
7296
22203
19353
30115
19639
20230
20727
13251
2429
5648
19205
23845
28571
20968
6522
17452
27909
1581
11911
30252
3729
4820
25505
1553
5398
29854
26337
2299
21948
1198
22705
8158
31495
25746
32663
12725
13724
22817
18999
32183
22171
5052
17801
29649
16556
14577
3791
30637
8601
2301
19441
31765
3228
4258
11931
3076
2402
23248
22201
23569
9533
1193
8637
17201
26291
13396
14680
26215
20605
1691
30721
16488
15769
24708
13334
20250
27963
30007
10926
12939
29303
1283
22753
21599
32166
27875
20408
26887
29338
9890
7509
1808
31922
15673
2195
13024
25465
17050
17649
23461
21340
27270
10693
31021
17199
27616
2843
22998
17759
5535
11194
32287
20175
21827
26110
24616
1778
16913
5491
20192
31882
31223
6401
20811
13100
22815
12960
18105
23712
24823
22024
25617
21853
31360
9970
8888
11292
15250
2823
15829
7551
12025
12064
6443
7656
2466
9253
19191
24784
14929
14534
4436
19107
24167
305
30739
31799
15796
9440
4113
27341
744
29694
27094
2790
16474
5316
29589
6545
15757
8261
24860
12598
2728
28768
19995
4556
14857
31591
28744
20914
14490
25234
4933
16317
28368
17302
26444
27362
14697
21472
29516
8909
1651
14834
30082
1431
12941
1524
7084
23277
8501
25206
32529
31280
12908
848
6626
28067
6823
5607
16238
5572
20553
14083
30034
14465
27255
22733
22671
25181
5943
27197
1303
32298
17588
23307
24869
31692
20988
10077
26837
12996
11406
26148
2476
20014
2076
8554
27818
25018
15116
27133
5443
11253
3223
17673
5649
30532
24635
31424
7085
17298
31453
26621
16475
29024
10107
13126
25174
16963
3196
18518
25186
15468
3246
4558
15014
1586
32757
1949
5429
6171
27278
16648
9728
8893
18701
17947
14470
3014
13513
7933
18043
24944
19206
12576
2599
9859
7063
276
28088
30787
20621
12413
7319
9069
362
11969
14695
24914
5245
17579
1044
30173
9116
11491
5831
15225
9157
3188
14386
12747
18617
14950
19258
2633
29213
4149
19590
13025
31968
30278
13853
23179
986
32122
7755
30124
14543
27871
17988
17786
10821
26670
31729
19435
31151
28476
2211
21949
8065
387
27797
22754
7432
9367
4885
1908
29343
25761
13133
19930
24386
10329
16399
26773
15829
8445
1286
5371
16700
32538
19200
10714
25786
15169
23911
23439
11149
5219
9518
14091
87
8793
10670
8469
6697
19922
26186
21881
8483
21925
29602
27649
3880
25870
17448
17723
17801
18286
19399
19512
5339
4906
1860
23313
26645
2059
19499
22508
3353
11247
10531
1254
25584
25384
7048
13847
24622
12823
21317
6871
17323
17360
17118
14915
13238
7723
17392
2599
15092
12309
29184
2351
19261
23281
12165
4481
32742
11610
3560
21592
14391
20924
15552
3080
12948
12039
10828
5264
22394
18462
24728
30348
8866
2516
3008
15009
31563
12674
4374
362
435
17578
13466
12136
10813
11221
2922
11061
32598
11959
15030
17305
14118
18297
31194
9895
16800
11855
31505
21688
22771
32608
5668
19471
18616
26247
19215
811
13409
6215
7863
19235
890
27277
8521
32634
29305
13326
22502
27654
9671
28454
600
2210
31585
26237
30243
17160
5083
17895
31312
29798
28869
15258
21816
2715
6420
13401
5986
19740
15889
4000
30568
102
25035
32261
15655
2457
25093
28346
13556
17929
13281
11502
1343
18078
22771
26164
5063
8352
17200
16101
586
32169
8334
6166
4793
23390
5616
32675
19700
23556
21210
3515
8588
4662
26774
3793
5477
14428
26756
374
10174
26668
25797
4793
27548
6166
29264
2350
2372
9484
32203
23997
20080
26119
32291
754
12267
14348
30975
30436
5645
20351
20135
24721
4611
19640
30047
1003
23977
21621
1147
18438
21058
16126
25743
5825
12309
20639
7624
26820
15993
18576
13653
15486
19069
31209
22664
4914
22447
23241
4957
1751
24804
20741
21532
8976
12454
3997
21606
18640
30566
26575
6265
22710
26442
1144
11155
4037
3203
15637
27944
2673
18941
18747
24254
20615
9190
4031
31214
12658
24312
11569
13380
14545
30155
8695
14216
2914
31873
17329
22882
28148
25594
27105
3843
19506
6104
6519
28971
5863
21458
11301
22701
31436
6116
5960
17195
24076
8257
21388
21964
25583
15264
15430
23768
16381
10833
2724
24086
5544
4424
21998
22812
6393
22321
8066
12330
14141
15684
3434
23703
28162
28801
31014
30818
3744
30031
14589
17709
16026
15464
2994
439
17566
14659
9365
29404
29635
12460
9308
19951
9042
14034
22689
27306
1156
5269
26318
14477
22956
28041
24381
31243
2591
9429
23444
752
9427
13631
4794
11731
14462
4523
15385
12730
27354
16081
21414
2206
6338
10560
29064
22638
18044
19627
17121
4361
14682
7823
27060
23304
7056
16585
3001
27023
2334
20918
21114
31200
2846
8570
5951
23958
29223
1212
3805
32752
1009
483
8609
3642
18962
12326
23284
3548
920
10199
17712
2216
3855
21706
29832
18245
20952
32660
6398
8921
6507
3902
26654
21706
15882
22621
7979
5945
27989
6759
8314
31184
5398
32015
8935
18226
23412
21825
28245
22739
24711
7095
21424
5254
17714
7907
30113
16494
15078
30475
13627
31080
25716
19633
18001
7901
1665
23547
724
31376
22073
24790
9740
12042
3808
13135
21659
22325
10510
9228
17523
32669
16755
6734
13083
21602
5192
13063
15121
9468
29760
28866
1502
28491
22903
21001
31895
30174
1652
30184
7992
18214
11706
11871
7774
20083
12646
24081
31808
28015
19015
9425
18037
28055
30900
16012
9115
29401
17570
15410
12585
7451
1264
28153
17720
13729
5072
29081
16515
4892
21713
3200
26046
28982
14036
17093
17205
30486
1952
18269
19841
5628
30481
18247
17536
29202
16096
5105
236
21457
6910
25095
32644
3158
6776
30916
10843
2885
3219
23852
7379
1885
11278
27880
7757
28289
186
30870
3056
26080
10206
4828
29982
19936
28475
11652
32526
12649
6416
11153
5466
1590
24616
11403
12858
17908
22051
25982
30443
28635
25744
24658
19334
32619
9431
16876
10420
6364
16037
8047
29011
21642
32575
14032
13724
18269
20499
18552
1896
32586
2724
17088
5264
14542
13189
4657
29285
2256
13839
25357
11006
20462
27167
27325
18330
5840
2513
20629
2269
13777
21456
14274
29348
8003
4312
11462
9319
6072
3503
11629
30114
9057
23283
18970
6773
14223
26921
9502
12293
23125
17614
32303
26739
2185
14094
8819
27681
4406
15776
4309
26295
19857
7704
22367
19930
19434
10503
24959
9273
24501
5106
19913
9379
9701
2397
5270
13003
27725
28687
12633
6703
14603
16623
17506
23148
11420
22520
6116
17358
23650
20096
31362
16141
10201
22240
19928
26203
4952
8183
25928
11074
9584
8899
21630
29678
27593
3398
15874
13444
32423
16333
23877
32514
2388
7831
10067
1242
11680
10603
26488
5523
3301
21248
27594
23348
22198
6314
30297
30444
11298
17888
9186
888
4355
9208
7753
9401
4530
29349
31099
22540
22161
7621
8790
300
9408
27300
2270
725
17793
28967
27363
14908
4973
7667
24954
27905
5444
24956
22562
18158
22398
26750
20217
24281
22069
1706
11143
28259
32677
22546
20794
2280
25178
23392
14497
32670
13655
13684
3675
16942
13167
4261
29884
3652
22004
22871
8214
19376
19233
6050
25872
11374
10132
16424
14755
10937
1873
1214
5836
644
29327
17839
3703
25491
9761
30275
27406
8545
11222
16903
12556
10819
19471
10819
17238
5314
7410
5051
31279
29342
12587
22912
14078
8614
21645
7338
9052
7836
27500
21930
26631
21262
26085
23604
5346
22187
17449
9731
26331
28018
5152
27412
15297
8888
7001
18845
9762
11438
31753
24310
7132
14162
8066
26009
17224
23296
1448
32605
30260
6283
29872
30522
22893
17491
19500
13141
17396
2034
25231
14758
4903
14901
19133
5955
22088
26391
27402
9982
4261
24366
2488
26968
27538
25020
22427
13829
13443
23835
14072
8586
8453
7565
16869
27200
17609
13078
12884
23176
14210
29565
28280
15250
19095
18210
12718
23523
14725
5145
7030
1361
20950
27850
31561
13906
6382
24110
23719
7038
14343
12714
22724
20382
25335
27987
13185
7153
6403
15000
8437
21657
10532
14622
1849
31014
29313
12519
25560
17856
26052
28034
15111
6294
19051
22704
14440
28506
20436
2287
23620
17466
31962
3627
30430
17334
14520
24240
20802
30548
32134
6862
9756
6603
9346
6352
14268
29476
6922
26653
26987
12979
21873
19039
23649
902
372
6955
21043
23424
19918
24424
17085
10166
22986
4094
18813
21962
3621
18666
14126
30411
10279
21820
5970
24926
7373
1160
18135
28773
10580
30332
25943
27909
6498
6750
12729
11604
11815
21753
32335
11766
12510
24116
18743
30163
9967
16692
7060
12231
2022
19215
7642
30088
24164
12656
27602
166
28370
26928
1825
14405
32261
11199
19855
4040
26837
19102
4302
167
2509
8715
8606
11348
30769
4313
18497
20611
31146
26127
7397
13350
26355
10730
1242
23010
21727
14794
10858
24815
8693
8954
31316
32527
30305
1519
24392
12904
30859
7057
5952
16800
12677
17697
12351
21908
16846
30709
12197
10798
30997
9081
4879
4545
14208
1428
30524
23471
28384
30564
27626
4053
14721
25993
16845
11276
27304
27035
26703
25368
2577
7825
3341
32763
23198
2600
1697
28564
2368
31502
11721
3485
5525
8400
23888
32452
7835
29200
12858
8203
654
5777
22634
29363
30543
16060
32486
1995
20946
963
18470
26332
6934
4928
31806
835
22261
6985
31944
1746
25316
16779
15730
11370
1452
12652
18326
6427
31065
25600
26067
10573
8854
31561
9709
10347
24362
32674
13547
24010
13395
23418
18932
21447
2477
3756
26492
11589
14785
21443
31422
10656
2696
1623
31245
15911
19705
10680
10860
18080
21829
25215
17387
6387
15461
17870
9889
25295
20238
16753
4508
26378
26274
14111
7981
1395
31358
15069
17293
10840
7995
9704
24821
17686
31910
13095
8041
26574
23706
19668
18550
23825
18744
15248
18689
15897
2021
984
11252
22658
24845
16256
8282
21311
1702
10472
22033
21641
6359
27731
29791
19305
31522
8008
28670
12121
10772
19841
9086
19194
4555
31901
23744
30699
16561
26839
9423
19985
29749
26430
27299
12358
26875
26487
28388
29511
23086
17233
14366
25802
20050
7943
18929
3713
32659
17581
4300
5421
29931
12889
17189
28852
22404
29587
28982
20801
16007
12892
3960
15050
22965
21053
20414
25212
24755
10485
3115
11699
5508
10654
4782
4313
27656
16420
12930
15951
250
17523
91
32139
3573
8487
14410
13343
8477
16391
21220
16897
1834
30585
20146
10383
8387
15768
7947
24733
1053
25362
29915
8382
26017
22632
20400
27530
28865
17191
3620
5325
27373
11115
10939
3742
30321
16376
22362
1192
27164
3277
9280
3550
11486
25476
6365
492
30435
2359
7451
1424
2303
26021
2468
4401
24149
29717
14409
7303
9199
15849
17029
25614
4234
30755
32538
17299
12087
7874
31069
28146
25880
21154
13565
11322
15935
15901
11606
6897
327
31023
15406
7861
19949
12520
7682
16297
15874
20432
12917
24362
30958
29474
23288
6711
12149
28343
24178
24746
29638
31923
6251
15663
5648
17473
14844
8820
12306
13824
29531
5224
22112
2454
30871
10626
17313
8826
19069
4532
27711
17431
2763
15202
21329
13439
15494
19723
17959
27255
1255
12449
25611
11014
27593
9176
1009
6494
12352
24389
28807
29735
29325
25789
30742
11131
26454
31877
23527
21600
8064
21105
9248
2200
20744
4971
29943
18771
2590
22477
32299
32640
30380
24462
1989
26712
15076
31510
10636
20078
25999
18989
6439
2669
12037
20291
30384
18382
21298
19578
14680
6068
19771
12764
3621
32078
15165
26856
11129
26021
2974
1736
26644
6539
6154
29040
7893
30158
26522
24079
30451
10005
32129
27604
297
30404
4565
2312
13734
23784
12002
13382
9966
910
12450
13820
24005
2969
15888
25969
13197
15906
27576
9412
32186
7025
15991
13454
7688
26499
28165
23729
11394
16256
4541
12533
481
5096
2151
27097
25102
17406
9676
15895
9278
14421
8505
30416
8848
24576
17584
8569
23634
22231
6120
7741
24485
26875
28392
6295
1577
15565
32325
10000
10778
18898
13589
11333
17490
8530
19958
66
12628
19197
1090
23661
21586
10537
26991
19848
23962
20697
13548
6608
24852
10444
16964
15371
14849
29061
11328
24786
14596
31076
27188
9039
17675
10169
0
24354
27970
14466
10412
1929
877
15827
16189
31998
15185
26402
5382
6731
27999
6700
24823
6586
24021
8157
1759
27776
26348
14644
17199
5233
23249
30781
18974
18946
3076
1869
7944
25365
6083
21884
26878
15002
5412
17862
5973
4822
30585
1700
5774
25913
8404
5298
24560
9365
21396
29492
3777
27885
570
23373
18161
16363
5297
3899
2471
2156
6907
8374
20418
29980
21503
23547
29520
22946
28127
6006
26158
4182
16029
4723
23536
5169
20990
18378
17808
17830
16303
6846
20892
14081
26766
4786
14375
18127
27459
9191
20088
26102
11361
24380
31960
28866
46
32700
12187
13941
30179
21974
30510
10725
6517
12110
27277
3805
524
10238
27222
3185
6045
4740
17898
24818
2133
11819
24039
15409
24333
32625
11782
16987
11131
28416
7763
3234
10901
29998
22343
5687
12524
8210
18099
23091
3542
31586
5327
31693
6638
7206
20894
6240
5188
7464
25325
32633
14809
31789
19158
23852
18400
24983
23832
28888
12320
13611
22971
15546
5800
9451
30466
17908
26862
10167
10790
22666
31662
6811
3276
26827
6851
13731
14204
30341
18624
25683
25302
10040
2798
27476
29918
14780
8027
24100
21978
1725
10742
5847
10814
10145
4405
25443
19732
4649
25495
5264
16251
31795
16252
11082
14081
18558
9147
9514
14933
20399
16113
31133
23963
15245
29421
32484
31455
31310
16958
10889
12149
25722
9507
23370
1359
18359
6846
20807
16256
14571
31356
16202
13789
4098
17684
23856
19960
8422
8485
14185
10939
4758
2557
6817
27992
28186
11314
16082
30972
15752
19785
6969
3995
9821
29606
29064
29476
4500
18694
29063
29630
7004
23936
14167
27169
24120
31868
27806
11358
31822
8072
20634
26923
12016
13870
19553
13505
12221
22549
4446
29026
3722
11486
21816
4915
17271
32487
15843
22275
23488
21980
7681
252
18339
21802
1029
3137
10661
15039
5962
21842
14429
9518
13557
24457
27238
1314
14377
22101
17038
12000
10969
13900
2204
30155
9209
1166
10551
3524
6370
16139
4470
7404
4495
7925
4372
3168
14860
5461
10356
5702
10756
3930
10627
4538
26994
26780
1440
27745
12162
20826
2569
30127
4378
29862
25652
25411
1276
27981
9086
30029
15697
17786
7669
26866
10226
13338
21069
6676
24511
12644
21476
27264
14983
16677
5564
9533
30972
14868
14945
4992
2366
30035
19304
26813
6901
31497
18136
23667
16871
17633
20629
8422
392
20528
14820
32167
2461
23984
10300
19830
15332
10543
5035
25482
21670
8361
2836
2635
3721
31556
27370
28301
12553
2858
5155
11787
2886
21884
25724
21932
22834
2561
8601
1631
9164
27509
710
19905
28857
10073
7747
24440
4229
25521
20126
7106
995
32442
9333
23230
11656
2791
5590
13540
15098
8983
1376
8469
4024
19320
4092
5158
7405
14991
18264
1207
26607
15907
9513
21758
12826
6978
11842
17378
25327
29869
23444
485
11693
27226
22660
24488
16542
5393
25275
7895
26852
8687
30837
1062
6680
21912
15370
798
17592
15181
30793
17374
16963
3737
7911
27900
22363
25254
11860
25210
4320
32584
6429
24202
22161
10
16049
5059
15351
12028
26167
27264
6421
23765
632
28846
29907
27670
23936
7117
23717
12785
7267
17840
30789
21875
18888
3021
5872
16747
4843
17314
32449
21599
22942
18611
8355
20772
25905
18312
2666
31791
11854
16696
28861
16711
25709
32640
18909
30465
2590
30676
8152
22880
31845
10325
6091
27249
25070
2219
14957
5707
17526
17748
15299
8189
28919
8685
1253
11774
19540
20450
18731
25180
21565
11305
771
3162
8258
10454
13204
24611
18419
22124
8310
24163
27394
11182
22417
12634
22501
18613
2030
24849
25118
29205
25452
9496
7413
19929
16114
18477
14772
1869
2484
23893
20157
12533
26348
15520
23804
18084
32758
11124
10639
7719
13660
27993
7165
14210
32524
13582
28967
960
2993
17048
15453
16765
6542
25116
16548
4785
22843
26922
6923
11334
25763
17623
22320
19550
30268
32449
21153
7176
2671
18995
7118
15023
27602
29273
1059
26221
12006
21448
4036
24013
4365
15985
4693
23177
30905
4712
17207
1561
8607
580
1300
16049
10640
19635
19113
18572
10300
17330
12094
14309
22636
29340
15274
23308
6296
32059
21689
31728
2749
14564
13393
32658
5555
21845
1765
16891
8970
14206
23698
10579
9764
15110
9990
14998
8963
28237
12318
13444
3018
20202
16137
6184
10328
29122
9744
11425
10774
26899
14355
10298
6922
2021
32488
23939
26267
5059
13790
18514
22065
18678
23233
22995
20043
31192
11671
14224
31779
338
26436
29988
24488
23910
32184
26248
11204
5134
17190
14379
15008
1016
17243
23486
26800
16689
21328
25742
24817
9738
8767
204
3121
7194
12359
15825
11435
26681
19802
5360
17122
16575
26335
6114
18995
7146
30396
31422
11301
20864
29023
17738
10802
27715
17991
10435
20435
18003
16719
26999
13462
11519
29309
14365
12136
31560
1140
3674
31039
21680
17332
14106
15072
4227
18600
27070
24156
11009
30553
5281
2756
8262
5683
3211
20700
19104
2529
21698
17557
23622
16742
24693
24619
23635
10751
20067
380
15075
22855
25975
5817
29256
4996
3441
9129
141
22487
3516
32190
27132
22482
19815
26264
22680
13981
9471
10398
15416
8207
2419
7977
30430
2433
14415
9585
25196
16120
11702
22348
28290
22408
31277
26399
24482
21565
13067
13929
19459
8557
11941
7033
27967
163
2716
23737
20633
6149
13475
4108
18353
21876
720
30576
1868
27494
6060
17424
12497
15207
2700
14372
5857
18554
4608
27945
26628
12822
29807
25898
28967
1281
16829
882
25698
15423
29446
18751
2815
8734
2072
6527
15786
1723
45
11956
26424
17477
17905
8514
6499
2505
17938
26230
8613
5475
16493
27835
14124
26194
28005
18205
28532
26184
15200
19339
14287
16564
14951
30820
6503
27730
14763
11246
24067
29098
5965
4673
15309
14884
27151
21212
17491
21454
10629
32002
19665
28116
8602
16007
12036
25711
24167
26523
6551
9807
20984
11380
15400
7235
15076
10400
29520
22121
18670
21147
28251
22369
28787
24725
4312
5961
26176
14783
2018
16307
8011
5550
2044
21987
1444
10306
11153
2730
26325
31249
15348
27247
22607
26247
21762
6389
18680
19185
20271
27909
5905
31427
22064
16265
2292
6923
5655
4751
5543
25929
17422
16726
9218
17830
18307
5791
22714
25576
12871
10227
3027
28867
17675
29670
22340
1164
11170
30312
25494
15988
1109
5218
25075
26133
18805
26192
25676
22561
32543
10419
17631
16148
1670
3832
32376
22115
8344
2616
857
29749
4440
23221
22636
19397
11517
20517
31149
32580
31371
29732
15146
2782
18385
15421
27477
21211
19314
21218
6821
31407
7911
4843
20444
9090
2179
2174
15051
14184
25114
21482
22682
2407
7521
10458
20008
26175
31319
8053
23041
17227
4401
26926
30637
20413
18652
617
30665
27024
5607
6294
30273
25771
23907
13098
16972
23717
12886
21399
32313
8907
32099
6208
15947
20163
3800
20078
15653
2689
18566
7138
15449
12050
1748
26233
15544
7100
6790
29160
26194
22329
11837
26665
31272
8499
19184
8014
28560
8789
10400
17382
4034
17219
6333
17091
18459
9957
25112
23331
3337
950
32561
9919
7675
31416
32405
7640
10602
11952
24191
4807
26792
4190
10643
7721
26850
2739
15415
27215
17870
32620
16858
32142
13230
5265
31503
17124
11288
8570
3189
2267
737
12290
6978
26511
11806
21029
7879
15357
8562
8580
7006
25121
8070
14423
8574
5183
23956
25281
19217
481
11828
6411
32042
8170
24141
13496
16395
27515
10792
26787
20472
32395
8266
4052
24129
13459
22678
9160
21754
16044
21691
777
227
28410
1580
30171
18595
312
12840
2300
2894
24795
5777
21217
20436
6235
20105
10530
14272
17352
19214
24046
29051
27153
9741
18456
28714
2948
16410
6223
16056
28425
30845
6556
5919
19414
89
3360
26441
15536
8628
24086
14413
3485
25238
6347
28983
31022
6229
18179
17667
31558
24810
22929
4391
15933
26549
18424
15513
4680
3561
4769
13321
4346
21974
9787
17225
7382
23187
12347
13439
21449
29797
23057
22539
29280
20061
5163
18837
3428
27823
31098
1519
12854
16669
8464
17889
32232
17659
27839
13646
27251
27368
24761
12930
7907
30483
23167
2144
4526
26126
18464
26585
7784
26606
26445
19491
26040
19595
31090
32084
23036
25535
16354
17538
1793
11328
24729
32145
22701
3017
30670
16140
25308
30616
19033
15806
17597
31736
30233
9261
16633
27565
20940
24216
30167
6278
22563
569
8968
11133
21614
22971
21259
18869
21751
24162
17532
25969
12132
2538
1869
1789
28415
21559
2119
13322
14331
3093
25949
2246
16963
28952
1931
258
1971
5808
11699
5383
17345
22195
22489
14807
10023
18939
7779
17985
6838
140
2093
2977
16106
16740
16469
24617
25120
22643
3184
18850
27807
31494
1808
28345
30171
20957
19795
8928
22825
13348
19325
16524
21967
20409
21186
1677
21809
14986
31892
704
26290
27641
24138
30763
8097
11128
31242
18502
14433
17473
13384
981
14668
31153
8488
31716
23222
8567
21947
10274
3293
22076
13216
7063
10754
11785
7124
20154
23441
22175
15491
24397
24154
2146
8903
32558
31115
20110
10150
9778
27635
23532
14572
12662
5135
9348
12637
8942
32415
12145
22080
12006
14560
17837
6432
20489
16085
25406
9079
11545
31442
13523
23457
26757
20066
18713
23728
22816
6926
27551
18221
6528
17221
13143
28834
29108
7779
8745
29563
17842
29479
15968
12846
16166
225
22995
25610
3642
17212
29289
7060
24196
31366
11558
18190
5691
9118
8284
9035
18969
31551
3644
13976
4189
31010
19476
25180
19589
32043
27530
21492
26648
14990
31825
25470
8604
26251
24694
5035
2588
32693
26728
18851
4975
8559
7464
26402
14896
32580
9853
6785
11682
4879
32579
25303
19391
2775
31593
24755
22193
23457
958
24810
28800
5423
1562
25244
4492
21894
1348
30
30132
15126
28793
20669
30357
30010
510
2449
21540
20621
13836
32604
12291
19726
5174
7669
25030
16433
8944
23201
19344
8
17905
32245
2286
1839
20777
4868
18974
13398
21903
26303
23683
31234
21644
32725
20273
30080
29113
20584
5483
23095
2277
18670
22990
15968
23898
3746
26811
7510
12637
5154
29918
18639
16190
10773
32088
19702
219
1926
6797
22368
15022
10886
8530
22198
32263
19591
29320
24743
10833
19447
6713
15657
4855
20378
24040
29352
6195
24439
8190
248
23355
19296
24701
2808
23464
5125
10196
3195
32726
27942
9583
24720
21072
16581
7909
27678
21673
23004
19955
19397
7277
5733
1278
1603
25630
9603
25155
25306
3676
2043
5429
5743
29533
4455
14217
15878
15432
29134
12444
10105
19853
873
2833
12687
25610
32635
13782
4558
11278
30718
3177
29590
11316
19984
17483
15916
32314
19660
3144
6861
25211
15730
20865
3257
30066
20374
12135
22706
18387
2712
19424
11141
24382
5507
32006
24291
11820
1094
12043
13973
9690
11297
21471
4866
12643
9478
27414
15147
18432
21450
9352
31550
25164
18801
17866
30392
709
28685
11865
262
30725
27182
18436
13554
10618
17964
19519
24240
5081
17508
20277
16308
4368
25704
13212
3534
29048
9514
4928
2305
26768
2987
13626
14073
19441
3965
8144
23470
10960
28206
24598
1893
21130
1614
5299
7820
13027
32296
17474
2215
26219
10024
24841
18992
26390
1359
21045
13420
26958
18448
16962
15060
1690
4404
11745
25372
32597
29444
15211
7502
5775
9662
2597
22219
18674
22691
30747
28035
2498
20162
27789
17960
2788
21412
26640
12093
31001
3703
661
17169
21766
16928
30787
11412
19457
30311
7642
8979
3374
32185
12144
8766
27695
23110
20973
21322
26117
8642
28550
31548
20972
7084
31148
26602
2444
8471
8026
11342
1978
31283
28171
19879
25146
32148
21344
26810
14243
2098
12183
4180
20879
13577
16399
21947
15337
25821
2568
20171
18795
26263
2209
22472
19838
15985
12821
8891
27244
7377
14799
2727
5033
30128
20384
27602
29132
13876
23136
6276
18580
8445
25041
13104
16915
6316
464
7383
14776
14461
17591
28448
17801
25896
27668
14017
4816
15884
14800
23376
14574
16528
22022
23840
8643
13400
7019
15035
3418
15122
21334
29445
7470
28513
30933
16468
9870
22482
19888
13806
26059
19680
21642
30790
30317
13296
11554
18534
19996
20557
3146
5903
1931
32315
10022
28956
17047
26238
11649
7295
6372
25000
13189
4152
29354
9239
11149
24745
6725
32559
4733
9806
4885
2053
11333
15033
32662
5062
22122
30883
24179
9791
17014
10482
948
16066
2538
8266
12984
6472
4722
15603
18429
405
1757
17041
30066
11813
8007
10501
14541
23399
2565
27839
6660
7082
4057
9550
22412
30056
8086
23483
10294
11956
21846
19131
32487
11631
9934
21463
26248
2139
26935
29455
32481
8756
22925
22519
18496
13340
27991
12663
16204
14950
10203
20073
7314
21270
3914
5491
28745
29155
4783
20837
31301
29741
22323
6969
25132
21837
30649
23840
10061
22327
31327
10991
25374
2845
24928
11194
1894
25794
10715
11656
23219
27371
6433
4381
19013
5370
18534
16724
6723
18747
26360
31096
2194
542
18674
22875
3912
28475
15392
2511
20409
7603
4988
972
1740
31344
27794
2759
25356
26296
30461
1952
14793
28635
14838
27688
31539
32155
9683
27450
21352
3748
1677
18376
22692
14432
17394
5900
28045
32683
21487
6075
17711
12931
21531
4534
24607
25264
15176
14483
29583
28086
7133
7911
3995
20592
16077
10175
6720
11839
28060
24930
7286
21718
27266
17026
10380
9196
39
7774
24731
8037
18683
2852
6409
25481
28744
20176
24410
12529
22833
21663
15801
2837
11649
4609
15324
18114
16417
30234
16950
17585
29858
26365
7597
6319
25473
25173
1337
3456
8718
27529
11992
8485
18662
6370
15745
11713
4174
18609
32011
8193
30482
2458
4127
16290
28896
17810
13733
9525
4205
8641
8982
7698
22515
27367
6949
18646
14066
27657
29206
15535
22982
30384
23295
21329
15868
8757
30799
13876
21964
26239
30785
10135
31208
10436
14032
13869
8879
26522
2603
21943
11903
26361
3822
33
11448
7591
5590
28902
23128
25839
21088
17981
32671
19961
26223
22657
8688
20167
3849
22677
23461
29191
28233
6005
17055
6352
9118
11721
4757
6600
25950
8445
30066
20309
2991
17196
17125
9590
6426
14343
32483
10029
16366
23438
31076
26186
20342
29512
9226
17824
23187
4730
15557
21800
2724
14784
5311
18821
31864
22797
10698
10680
4718
20196
6079
15558
11585
25536
29308
25296
6251
22321
29273
1553
342
29709
18220
22941
7512
22744
9909
25848
32477
6051
666
4371
19627
5777
22629
74
10119
13101
8865
7988
19800
3092
20288
7875
25381
23699
22590
8680
16488
18342
6867
28964
11058
1360
9678
7798
2845
30032
30920
19782
30303
12944
21086
29375
7968
6383
17116
8898
18012
25428
16232
3005
19856
22190
4682
1259
5802
17720
15567
24726
18194
6253
31435
23729
7189
17676
23675
14340
22856
21718
20579
26323
21745
14323
20586
3127
3716
17257
19519
29637
24983
16880
9397
5980
25764
32097
4842
30756
9914
7932
27073
7502
16079
11523
17875
25615
20471
8311
4717
31491
17253
21010
18940
5849
14475
23798
27788
6328
1873
13712
9097
5840
27303
11712
14158
11671
24027
12988
9521
2753
17731
3903
4956
20400
30934
25623
22088
25352
19073
2642
24982
29662
13612
3412
23685
29358
14399
23088
22816
32567
8982
17320
27964
12821
10039
15172
18316
29851
7098
32635
14552
17750
22733
20963
19506
3091
24951
9084
16336
5655
25998
31640
32040
4363
15567
24865
3663
7869
15237
18007
10917
4316
816
31945
5585
9434
6244
27802
15428
17046
25727
6576
9870
3432
31387
552
12019
30095
14556
16295
14271
276
28825
7938
24583
14962
15136
111
10203
25565
3438
30706
3671
12385
29104
11475
1110
25180
13225
19812
32206
10995
4217
17935
15236
12832
5364
17286
12535
26134
393
709
1910
183
7784
7055
52
32176
23107
11661
21868
18499
1074
11712
22988
15247
24108
20897
17435
9395
12496
25855
22449
31731
22530
10698
15495
5262
12225
23517
25493
31757
5999
20187
19657
27983
2726
16187
29972
6735
26517
8725
17801
25749
15506
15268
11155
6852
32377
24800
14918
8767
3048
32141
20912
8709
13251
27044
19205
29258
7864
6600
30388
21321
13869
621
5278
27278
22176
23772
3267
7634
28779
10676
6086
662
5093
25909
17433
4110
22046
10345
23589
14185
9979
26191
27765
15748
23150
9697
8430
16389
11100
30317
5096
1219
26824
29370
26104
7181
25802
10585
14605
22820
8331
20430
6255
26494
20528
14473
24509
7533
8553
13590
29998
23673
15075
23167
8808
524
14614
4211
7707
22054
7184
14020
14177
28013
16907
15198
25647
810
30356
7501
22309
2766
589
19115
30688
26049
2004
13037
9602
16046
18024
365
26531
8959
24411
28721
28220
27051
6321
15636
7194
16079
10061
21252
2483
28191
31051
28103
24893
10445
31862
29289
27301
8159
12872
24655
13380
7745
6416
12788
10669
25088
8843
4615
19672
10316
13072
8835
25958
17993
16606
21747
28951
21398
17611
2585
12152
10444
13375
15277
35
20304
24099
6673
295
18278
13016
10291
1453
18310
26510
28573
19809
24824
29851
10324
24292
31426
11808
29675
4794
13649
6962
10166
23391
31282
14107
11057
28925
17208
24956
17508
19727
15751
3784
14370
4923
21605
747
26358
24212
2909
19282
15153
27071
10055
31836
14542
9970
6925
9546
18056
21651
20221
28800
6337
32109
16494
7367
32222
20665
23428
2368
5023
1929
26728
21161
10070
8688
21806
1263
9073
28386
28567
21878
30785
16470
30663
25230
2833
25363
18444
26589
1244
9531
9103
10020
22972
27691
9191
24054
25080
8907
27885
5083
21195
14821
9274
10887
19061
446
13302
4857
30010
28710
4052
26718
5019
25304
29294
13644
21747
17377
15865
27029
21531
3873
29806
10868
32126
1100
28309
21961
15145
12251
11568
23825
15533
24372
4828
21107
11424
28835
12840
32246
21184
2481
6234
2516
6448
16755
12655
11262
2455
15489
30429
25925
14911
17590
15609
7714
5421
32248
31746
5710
7965
25182
13701
32100
28062
20015
9124
14602
29675
9952
1182
23013
4599
8562
28861
20935
11256
18722
110
4551
18212
26477
27182
12758
9782
32041
16153
21686
6629
20785
4861
22140
10868
25585
13939
21673
23458
9808
8446
18815
20978
12380
8875
22736
31732
7845
6142
31449
1312
10609
24539
30832
13081
1703
24473
23425
13821
9198
6818
17957
29356
7322
2394
18488
29452
27091
16274
22037
7104
2021
1044
32496
24494
20437
20672
8856
20046
7452
19518
14937
538
7145
15113
31603
1497
12521
20388
21909
23126
29589
28827
9677
26781
30498
4274
16352
11950
28460
24474
21790
23417
16384
31396
29240
28974
9789
6983
3604
26617
27146
2817
12210
5482
4711
1515
16825
9313
4372
2555
26709
24862
7370
26044
18935
19308
15726
8568
1258
15738
19660
5820
22108
24750
1164
17370
23578
25594
29367
4884
9129
714
22059
29006
2143
18441
1962
24557
2103
30134
15246
13637
6976
22216
17011
18369
4043
31048
9165
12252
22443
27855
14056
23590
6802
1519
12113
16254
10306
16571
26840
31648
30726
5777
11283
16627
26809
26237
19084
1686
8400
24955
6145
18259
28694
23072
3950
23776
8308
18474
7161
9855
8593
26452
28864
1299
19078
17862
27133
7233
7015
23340
32767
26941
27164
955
2523
11355
26704
1224
9825
32079
4258
11919
21250
1594
7721
18741
32449
32301
25298
32049
23756
352
31373
23943
3473
301
3156
1678
4128
22737
15688
31133
31658
32555
10628
28549
18853
12713
32674
10171
9857
12318
16481
24989
16212
27110
7155
7533
32475
13545
18897
31526
8274
12018
19854
20126
5058
22975
15780
31573
18433
31674
14219
14281
7583
30736
330
16458
5
2114
22887
15362
970
24771
28951
26938
13479
30536
16612
24736
701
28349
28616
26820
25411
25101
32758
18484
10737
11557
7111
24288
4206
18583
23956
17762
20822
5093
26929
12934
21515
26446
2146
2708
14262
25945
81
8244
29535
12667
12556
22329
332
29394
24379
24766
3749
16925
13207
23532
13150
8928
27407
32362
8417
19075
7239
13877
10939
11917
22686
13743
5092
32508
5015
21206
3147
22324
22498
29694
19369
1161
29977
5295
13797
30477
14745
5504
22008
16375
20224
17609
3375
25969
4440
28330
6115
24942
18986
13600
1819
7114
9839
27864
13569
6989
12257
31530
19140
23265
9066
9357
18724
11962
28590
9941
16707
28511
7286
13210
30620
18266
4587
6382
26582
15894
24212
29744
6509
724
1246
21997
29913
31867
13478
10826
9889
15187
30282
18739
32243
8243
10044
3934
3666
29342
3336
11206
6948
24
18012
1715
3102
16896
17764
22556
19391
6023
29171
16282
15768
6977
4828
18914
22955
14892
30579
27007
17873
27665
29390
3032
18760
18631
12328
19333
15839
12311
32505
15202
20826
10911
31955
23932
8479
7663
24143
14659
66
15357
13468
6066
22177
12049
15899
15483
2754
26332
20756
21055
27220
29217
7705
14956
17647
27031
26574
21465
2998
10852
19123
23565
32146
14662
29045
22622
24537
30105
16770
31196
12138
1689
19673
28753
1479
100
17240
25694
4573
27599
16535
10142
13559
6349
25300
29831
29521
32228
24153
18426
5936
3441
16318
28736
17951
20049
29991
1148
9819
16510
26230
6532
19870
345
14582
16126
23810
1329
29148
22974
27247
31490
226
10527
30089
18404
29287
4917
12051
21270
27905
13707
1333
1560
23594
32005
29500
14468
14452
9273
25947
5259
32025
17421
20841
7272
17678
28596
24809
15666
23618
7612
30185
17320
3648
24419
9902
3694
1125
19228
24907
22877
12267
2780
17653
2751
12521
18236
26329
21820
29854
29396
25881
619
29426
15564
18227
500
30354
9362
17558
2117
8388
22037
9475
8522
11753
21981
23376
3942
19837
1751
12659
13039
14937
32101
3998
28567
25149
18758
16151
18335
22390
22673
25594
26328
18277
3642
15610
29956
14346
20766
22765
2515
18786
31066
11633
11695
25272
24444
8533
2296
11297
1026
30600
16003
26347
29513
3540
6470
4615
16894
24922
6334
2906
30245
7246
445
18310
3389
30440
6879
26201
529
29582
13718
26644
14852
8136
11271
9903
20837
26520
25564
22506
1865
30150
27173
30461
10862
28293
4469
23275
12301
30093
19449
4225
21975
16088
9096
22690
9264
30640
602
16179
30689
11044
5164
5115
5016
4756
32016
19777
1741
13706
5999
17413
24761
15440
28335
18048
14193
10614
17354
10389
31791
14543
31008
29943
12253
29970
7244
30603
6029
28195
1984
1149
26796
10008
28600
27462
26133
3561
26168
11023
4873
23274
23824
2128
24164
20798
5477
15534
245
5949
323
3479
30778
87
3453
10298
9464
24009
26077
13501
1891
8483
22283
25992
5899
10201
19598
20886
10133
19533
7026
9591
23965
10061
27502
12733
14772
10945
10803
11702
23002
17950
32396
14078
14012
17399
23461
28230
32424
30478
31406
29983
27466
2671
14387
28763
16307
9025
21771
32526
18009
6686
24117
16250
11502
25535
17480
32313
5312
26863
19753
6940
7165
10098
1547
26030
11352
5642
16997
8321
7654
11545
8796
2545
23013
9130
13188
21994
17304
26470
11836
7690
32754
1442
29386
30400
31366
20488
27277
3493
30622
24274
21416
23576
23303
29208
12054
1759
17820
20928
19789
6076
21899
30567
23410
23908
31818
8203
29160
599
17377
4289
11162
12729
3601
10790
24018
14204
24875
3391
18598
18413
14361
13378
5786
8824
19882
4433
5102
11455
22552
16136
24596
27191
3368
2064
1268
32557
8627
19373
9878
3373
20165
2062
9518
14905
12192
26346
20398
23884
31519
28854
27423
2465
1293
17078
378
16280
26730
13869
8886
3206
31771
4453
22362
9124
9593
31871
10872
19628
24843
28424
15726
21393
32115
25927
25420
26268
12637
11878
23012
25715
27587
31227
28513
2099
5266
17407
30162
23711
1189
13521
23150
12715
6356
15190
24036
17368
28417
21570
22892
28063
8605
8900
9151
4037
9513
27294
25104
23246
25662
27654
7403
13652
22585
10061
20896
3496
26651
31630
25507
6142
28826
22005
32523
22129
26136
28988
28824
10437
28549
12545
26917
20232
14236
9579
13692
9814
1582
5301
8240
27337
20511
29671
281
17282
13000
10484
222
11394
14052
27340
15269
27332
2839
18001
18761
9226
11049
15704
1695
30745
31290
5945
17446
18228
18459
12652
18705
11335
7257
24538
5241
16594
23202
31702
30730
30228
25970
21486
30090
24942
10425
18092
6365
559
32673
25354
582
989
25583
32069
29533
2362
26950
7665
31739
14513
7697
10821
23332
19968
4031
7970
9998
21522
7963
25731
30513
530
8662
15220
25526
2928
3101
8466
25018
6088
9938
19397
15821
3057
17010
1991
28087
15743
31620
25972
16822
15951
25244
16150
27848
27416
13150
12684
15414
11101
3452
781
10359
15925
21802
594
4560
18819
1540
4636
17391
22928
20145
207
14481
26058
20623
31211
2450
29573
17183
24135
12313
5824
20404
21048
31320
216
580
30851
11411
8386
27306
599
23717
4575
5604
19519
23406
21537
26772
192
137
16906
29145
3043
12928
4409
29772
1546
14188
14993
11168
29170
6356
18815
660
369
29059
10589
22502
27265
504
4139
5353
30313
7888
17305
14513
12768
3125
17710
1303
32665
16523
15443
5570
9553
17471
17507
30038
3643
794
26950
10537
1975
15299
21552
25904
27393
15140
23888
22403
30503
16271
6126
25105
3416
24020
12348
21837
32473
31497
21655
22406
30510
4431
8571
26705
18291
266
24824
27445
16076
5354
26897
120
2243
28436
21807
13506
29192
15216
27168
31968
1673
13520
30715
12464
10660
5348
16400
3180
16728
18001
5407
32027
6962
3546
10778
16858
9656
549
29139
5324
7427
28055
12265
4638
13785
23923
24260
21435
28564
13937
839
32132
6218
29393
5312
1730
20130
11071
22666
10538
22320
11784
27130
16564
8549
16196
25507
710
16867
22413
13329
2194
19175
11094
16001
25649
8901
21572
801
9126
3062
26690
25515
11210
32035
8783
10890
7499
23579
20095
18753
5707
15219
7460
1356
7646
3554
16653
27030
9579
21163
4155
19233
3236
9629
10954
2709
29935
19404
2167
6414
14362
28124
15331
26861
17390
23549
2948
12057
23940
11681
21542
26731
812
24229
29507
32247
16211
317
30784
3914
32021
2916
1136
749
17697
18155
16393
20255
21243
14011
19493
20076
21775
10023
5689
15372
31310
16655
3857
24788
18933
20473
11185
17329
16381
20944
22851
31577
17477
13691
22916
11013
2583
19117
21108
5855
12556
20496
1347
11187
7542
19697
14158
11000
7726
15271
2814
25121
2851
29794
6703
17868
32222
12780
10571
15579
1235
2117
15649
5406
8318
30754
21725
16389
25614
5727
28938
28927
8115
22037
7852
29129
29104
10904
11872
17910
29722
6472
26171
21669
21453
3697
25339
3260
15147
20631
15060
27703
14059
23405
30468
29680
16829
10125
30549
16675
15859
20793
8219
30890
2067
24866
18104
47
27691
22276
30263
16532
1972
5512
22013
29825
26510
21789
9781
7903
5123
2912
1700
19068
23256
27407
19153
13208
4260
14610
8092
27556
10837
25070
8454
26142
23513
20080
25461
15057
4580
15667
11703
3146
6958
6730
17907
6308
22548
10430
11216
6715
27789
17073
16073
9222
23532
4111
7311
17263
28302
28691
11980
4372
27412
17433
3688
5295
19312
25617
16319
29416
11922
14287
11754
6618
1688
9762
23959
14191
30387
8814
10660
4830
26023
25372
1220
11781
28425
31039
29679
30457
8168
27534
2412
15294
1756
5570
7611
4405
26999
21035
13086
13382
15056
30190
12779
5512
20627
6931
8961
18949
24809
6708
31925
5990
26654
14293
21234
14081
28795
19988
9070
15589
879
8115
24116
20201
19048
5401
15623
15218
30713
15182
8305
11599
23351
18456
24540
1618
16809
24305
20895
28468
6426
10456
8947
19536
24229
18424
6029
24376
2237
26378
4631
26312
29938
6639
15246
11380
13674
27523
15751
4697
27676
28207
29900
6781
16975
8676
17237
18447
29617
15631
31083
1283
18189
22320
15523
8332
31597
127
21047
17906
25920
10673
25811
13930
12345
3854
10499
14614
3048
23309
95
7894
10762
14835
16631
28327
28004
31143
27617
12227
26249
29370
20837
27119
30176
828
163
30527
3243
25519
15748
673
21112
6149
6968
7289
10467
31518
17058
20473
8285
31719
11775
25061
20731
24714
16573
4480
17573
29299
1764
16503
8424
6641
25741
8061
417
9260
5982
22356
2726
20417
16349
5233
25707
23890
1837
24239
21884
25587
5409
22688
7920
22913
22533
2089
31720
30107
20056
10601
29499
27492
7052
15520
28166
28774
2969
17026
5328
16789
19620
21766
12164
20484
32093
5491
25349
2174
13772
6254
1686
14748
23476
22482
17169
15174
19688
20183
21755
28753
559
1489
13573
4831
18701
7101
23217
17790
3221
16896
25121
8009
13017
30763
30039
32703
3184
15857
26300
1540
19928
15446
21858
20607
8285
28947
27212
30739
23
4544
7008
23775
1484
24178
27123
32660
30289
31463
5399
15929
17784
5610
32383
3582
23564
27923
17899
2921
18262
6668
17589
28676
25087
2484
13052
28022
5488
12116
24205
7433
24272
32564
2750
5980
22454
2941
26026
22370
11241
30044
